tau=0.0
gammas=
[1.02125027 0.98645912]
omegas=
[0.68632091 0.43701647]

tau=0.10526315789473684
gammas=
[  1.02235322  44.41082652 104.06129577 163.97135953 223.83956634
   0.98793385  44.96098368 104.44278851 163.80966455 223.31852784]
omegas=
[  0.64562991  44.94676766 104.55811318 164.22061451 223.88612029
   0.42065889  45.01310977 104.54013152 164.1917385  223.87579038]

tau=0.21052631578947367
gammas=
[  1.02746093  22.59646     51.8085259   81.94617563 111.67553312
   0.99103057  22.0450983   52.25302777  81.71498748 111.62251119]
omegas=
[  0.61184409  22.6115593   52.32533769  82.12210766 111.97206927
   0.40650605  22.58133151  52.31528444  82.14225992 111.95149864]

tau=0.3157894736842105
gammas=
[ 1.03557156 15.07003635 34.60497558 54.30971819 74.62285684  0.99548706
 14.65025368 34.61968054 54.65157695 74.10264745]
omegas=
[ 0.58314974 15.18298657 34.88963999 54.7814968  74.65702924  0.3940956
 15.08716616 34.93204185 54.76697179 74.65377686]

tau=0.42105263157894735
gammas=
[ 1.04607128 11.25132492 26.16164799 40.60985659 55.56565652  1.00112429
 11.03339862 25.69500342 40.97801306 55.84602718]
omegas=
[ 0.55835915 11.45572895 26.20285462 41.08197185 56.00893262  0.38309518
 11.35420394 26.20944412 41.10845121 55.99562727]

tau=0.5263157894736842
gammas=
[ 1.05856867  8.95774001 20.97312783 32.6611518  44.26900804  1.00781815
  8.88184777 20.44118175 32.52729111 44.76230849]
omegas=
[ 0.53665161  9.21470763 20.99384483 32.87611905 44.80348101  0.37325809
  9.11928277 20.97259838 32.89984721 44.81719105]

tau=0.631578947368421
gammas=
[ 1.07280919  7.43328569 17.45448394 27.35028083 36.97105745  1.01548246
  7.45232228 16.99386049 26.92303204 37.12211635]
omegas=
[ 0.51743627  7.71896032 17.51915542 27.4122515  37.33857102  0.36439635
  7.6309805  17.48359559 27.42062124 37.35970393]

tau=0.7368421052631579
gammas=
[ 1.08862768  6.34934809 14.91908219 23.49420501 31.8256351   1.02405846
  6.43304335 14.55900273 22.97059989 31.63098738]
omegas=
[ 0.5002738   6.64985512 15.03543066 23.51077036 32.0117206   0.35636362
  6.56845559 14.99347234 23.50551975 32.02775683]

tau=0.8421052631578947
gammas=
[ 1.10592035  5.54074152 13.01000792 20.56058985 27.94433177  1.0335079
  5.66970481 12.7467668  20.0407573  27.53898131]
omegas=
[ 0.4848289   5.84770034 13.17147089 20.58433976 28.01884167  0.34904388
  5.77169267 13.12719336 20.56954334 28.02647312]

tau=0.9473684210526315
gammas=
[ 1.12462772  4.91552486 11.52320486 18.25628019 24.88830062  1.04380861
  5.07695089 11.34430166 17.78358163 24.38637795]
omegas=
[ 0.47084003  5.22363504 11.72100999 18.30762005 24.91391936  0.34234371
  5.15194608 11.67645176 18.28668243 24.91367249]

tau=1.0526315789473684
gammas=
[ 1.14472374  4.41851259 10.33393664 16.40110664 22.41477579  1.05495141
  4.60364447 10.22593657 15.99148717 21.88726857]
omegas=
[ 0.45809949  4.72428243 10.56020424 16.48569826 22.42998386  0.33618686
  4.65603194 10.51635773 16.46100763 22.42342975]

tau=1.1578947368421053
gammas=
[ 1.16620896  4.01459681  9.36187733 14.87731762 20.37212157  1.06693811
  4.21724854  9.31280028 14.53395803 19.85879145]
omegas=
[ 0.44643974  4.31564814  9.61018376 14.99461189 20.3974624   0.33051042
  4.25013527  9.56750333 14.9677523  20.38619151]

tau=1.263157894736842
gammas=
[ 1.18910608  3.68038624  8.55306909 13.60464664 18.65811617  1.0797802
  3.89606143  8.55288945 13.32495813 18.1798228 ]
omegas=
[ 0.43572383  3.97505609  8.8183309  13.75172759 18.70344299  0.32526191
  3.91172752  8.77699172 13.72372818 18.68877408]

tau=1.3684210526315788
gammas=
[ 1.21345725  3.39969884  7.86997529 12.52656137 17.20057236  1.09349797
  3.62504782  7.91050029 12.30556347 16.76727621]
omegas=
[ 0.4258385   3.68680092  8.14819496 12.69982928 17.26981035  0.32039719
  3.62521998  8.10822731 12.67135243 17.25275844]

tau=1.4736842105263157
gammas=
[ 1.23932257  3.16098515  7.28570152 11.60215529 15.94687397  1.10812012
  3.3934594   7.36028381 11.43411883 15.56233942]
omegas=
[ 0.41668912  3.43966125  7.57372553 11.79803766 16.04078742  0.31587886
  3.37948248  7.53508578 11.76950633 16.02210844]

tau=1.5789473684210527
gammas=
[ 1.26677942  2.95578254  6.78048739 10.8011384  14.85773791  1.12368364
  3.19340779  6.88372997 10.68036996 14.52224681]
omegas=
[ 0.40819593  3.22540649  7.07581005 11.01636544 14.97547639  0.311675
  3.16635574  7.03841884 10.98804634 14.95572456]

tau=1.6842105263157894
gammas=
[ 1.29592263  2.77774933  6.33949557 10.10062837 13.9032553   1.14023389
  3.01897234  6.46699692 10.02182155 13.61518202]
omegas=
[ 0.40029113  3.03786306  6.64010841 10.33231509 14.0432037   0.30775823
  2.9797221   6.60387133 10.30437265 14.02278218]

tau=1.789473684210526
gammas=
[ 1.32686515  2.62204011  5.95137271  9.48303224 13.06027092  1.15782504
  2.86562264  6.0995204   9.4414001  12.81700499]
omegas=
[ 0.39291672  2.87230982  6.25565092  9.72867743 13.22051103  0.30410494
  2.81490462  6.22046969  9.70120879 13.19971177]

tau=1.894736842105263
gammas=
[ 1.35973943  2.4848895   5.60728596  8.93461127 12.31059423  1.1765207
  2.72983316  5.77309389  8.92591045 12.10908266]
omegas=
[ 0.38602272  2.7250749   5.91390311  9.19206373 12.48915059  0.30069473
  2.66826649  5.87968154  9.1651217  12.46818416]

tau=2.0
gammas=
[ 1.39469929  2.3633275   5.30026174  8.44448643 11.63974797  1.19639475
  2.60881944  5.4812432   8.46499028 11.47681161]
omegas=
[ 0.37956584  2.59325975  5.60812554  8.71190119 11.83471395  0.29750986
  2.53693721  5.57477253  8.68550933 11.81373147]