5.000000000000000000e+00 7.500000000000938138e-01
4.974999999999999645e+00 7.500000000000938138e-01
4.950000000000000178e+00 7.500000000000938138e-01
4.924999999999999822e+00 7.500000000000938138e-01
4.900000000000000355e+00 7.500000000000938138e-01
4.875000000000000000e+00 7.500000000000938138e-01
4.849999999999999645e+00 7.500000000000938138e-01
4.825000000000000178e+00 7.500000000000938138e-01
4.799999999999999822e+00 7.500000000000938138e-01
4.775000000000000355e+00 7.500000000000938138e-01
4.750000000000000000e+00 7.500000000000938138e-01
4.724999999999999645e+00 7.500000000000938138e-01
4.700000000000000178e+00 7.500000000000938138e-01
4.674999999999999822e+00 7.500000000000938138e-01
4.650000000000000355e+00 7.500000000000938138e-01
4.625000000000000000e+00 7.500000000000938138e-01
4.599999999999999645e+00 7.500000000000938138e-01
4.575000000000000178e+00 7.500000000000938138e-01
4.549999999999999822e+00 7.500000000000938138e-01
4.525000000000000355e+00 7.500000000000938138e-01
4.500000000000000000e+00 7.500000000000938138e-01
4.474999999999999645e+00 7.500000000000938138e-01
4.450000000000000178e+00 7.500000000000938138e-01
4.424999999999999822e+00 7.500000000000938138e-01
4.400000000000000355e+00 7.500000000000938138e-01
4.375000000000000000e+00 7.500000000000938138e-01
4.349999999999999645e+00 7.500000000000938138e-01
4.325000000000000178e+00 7.500000000000938138e-01
4.299999999999999822e+00 7.500000000000938138e-01
4.275000000000000355e+00 7.500000000000938138e-01
4.250000000000000000e+00 7.500000000000938138e-01
4.224999999999999645e+00 7.500000000000938138e-01
4.200000000000000178e+00 7.500000000000938138e-01
4.174999999999999822e+00 7.500000000000938138e-01
4.150000000000000355e+00 7.500000000000938138e-01
4.125000000000000000e+00 7.500000000000938138e-01
4.099999999999999645e+00 7.500000000000938138e-01
4.075000000000000178e+00 7.500000000000938138e-01
4.049999999999999822e+00 7.500000000000938138e-01
4.025000000000000355e+00 7.500000000000938138e-01
4.000000000000000000e+00 7.500000000000938138e-01
3.974999999999999645e+00 7.500000000000938138e-01
3.950000000000000178e+00 7.500000000000938138e-01
3.924999999999999822e+00 7.500000000000938138e-01
3.899999999999999911e+00 7.500000000000938138e-01
3.875000000000000000e+00 7.500000000000938138e-01
3.849999999999999645e+00 7.500000000000938138e-01
3.825000000000000178e+00 7.500000000000938138e-01
3.799999999999999822e+00 7.500000000000938138e-01
3.774999999999999911e+00 7.500000000000938138e-01
3.750000000000000000e+00 7.500000000000938138e-01
3.724999999999999645e+00 7.500000000000938138e-01
3.700000000000000178e+00 7.500000000000938138e-01
3.674999999999999822e+00 7.500000000000938138e-01
3.649999999999999911e+00 7.500000000000938138e-01
3.625000000000000000e+00 7.500000000000938138e-01
3.599999999999999645e+00 7.500000000000938138e-01
3.575000000000000178e+00 7.500000000000938138e-01
3.549999999999999822e+00 7.500000000000938138e-01
3.524999999999999911e+00 7.500000000000938138e-01
3.500000000000000000e+00 7.500000000000938138e-01
3.474999999999999645e+00 7.500000000000938138e-01
3.450000000000000178e+00 7.500000000000938138e-01
3.424999999999999822e+00 7.500000000000938138e-01
3.399999999999999911e+00 7.500000000000938138e-01
3.375000000000000000e+00 7.500000000000938138e-01
3.349999999999999645e+00 7.500000000000938138e-01
3.325000000000000178e+00 7.500000000000938138e-01
3.299999999999999822e+00 7.500000000000938138e-01
3.274999999999999911e+00 7.500000000000938138e-01
3.250000000000000000e+00 7.500000000000938138e-01
3.224999999999999645e+00 7.500000000000938138e-01
3.200000000000000178e+00 7.500000000000938138e-01
3.174999999999999822e+00 7.500000000000938138e-01
3.149999999999999911e+00 7.500000000000938138e-01
3.125000000000000000e+00 7.500000000000938138e-01
3.099999999999999645e+00 7.500000000000938138e-01
3.075000000000000178e+00 7.500000000000938138e-01
3.049999999999999822e+00 7.500000000000938138e-01
3.024999999999999911e+00 7.500000000000938138e-01
3.000000000000000000e+00 7.500000000000938138e-01
2.975000000000000089e+00 7.500000000000938138e-01
2.949999999999999734e+00 7.500000000000938138e-01
2.924999999999999822e+00 7.500000000000938138e-01
2.899999999999999911e+00 7.500000000000938138e-01
2.875000000000000000e+00 7.500000000000938138e-01
2.850000000000000089e+00 7.500000000000938138e-01
2.824999999999999734e+00 7.500000000000938138e-01
2.799999999999999822e+00 7.500000000000938138e-01
2.774999999999999911e+00 7.500000000000938138e-01
2.750000000000000000e+00 7.500000000000938138e-01
2.725000000000000089e+00 7.500000000000938138e-01
2.699999999999999734e+00 7.500000000000938138e-01
2.674999999999999822e+00 7.500000000000938138e-01
2.649999999999999911e+00 7.500000000000938138e-01
2.625000000000000000e+00 7.500000000000938138e-01
2.599999999999999645e+00 7.500000000000938138e-01
2.574999999999999734e+00 7.500000000000938138e-01
2.549999999999999822e+00 7.500000000000938138e-01
2.524999999999999911e+00 7.500000000000938138e-01
2.500000000000000000e+00 7.500000000000938138e-01
2.474999999999999645e+00 7.500000000000938138e-01
2.449999999999999734e+00 7.500000000000938138e-01
2.424999999999999822e+00 7.500000000000938138e-01
2.399999999999999911e+00 7.500000000000938138e-01
2.375000000000000000e+00 7.500000000000938138e-01
2.349999999999999645e+00 7.500000000000938138e-01
2.324999999999999734e+00 7.500000000000938138e-01
2.299999999999999822e+00 7.500000000000938138e-01
2.274999999999999911e+00 7.500000000000938138e-01
2.250000000000000000e+00 7.500000000000938138e-01
2.224999999999999645e+00 7.500000000000938138e-01
2.199999999999999734e+00 7.500000000000938138e-01
2.174999999999999822e+00 7.500000000000938138e-01
2.149999999999999911e+00 7.500000000000938138e-01
2.125000000000000000e+00 7.500000000000938138e-01
2.099999999999999645e+00 7.500000000000938138e-01
2.074999999999999734e+00 7.500000000000938138e-01
2.049999999999999822e+00 7.500000000000938138e-01
2.024999999999999911e+00 7.500000000000938138e-01
2.000000000000000000e+00 7.500000000000938138e-01
1.974999999999999645e+00 7.500000000000938138e-01
1.949999999999999734e+00 7.500000000000938138e-01
1.924999999999999822e+00 7.500000000000938138e-01
1.899999999999999911e+00 7.500000000000938138e-01
1.875000000000000000e+00 7.500000000000938138e-01
1.849999999999999645e+00 7.500000000000938138e-01
1.824999999999999734e+00 7.500000000000938138e-01
1.799999999999999822e+00 7.500000000000938138e-01
1.774999999999999911e+00 7.500000000000938138e-01
1.750000000000000000e+00 7.500000000000938138e-01
1.724999999999999645e+00 7.500000000000938138e-01
1.699999999999999734e+00 7.500000000000938138e-01
1.674999999999999822e+00 7.500000000000938138e-01
1.649999999999999911e+00 7.500000000000938138e-01
1.625000000000000000e+00 7.500000000000938138e-01
1.599999999999999645e+00 7.500000000000938138e-01
1.574999999999999734e+00 7.500000000000938138e-01
1.549999999999999822e+00 7.500000000000938138e-01
1.524999999999999911e+00 7.500000000000938138e-01
1.500000000000000000e+00 7.500000000000938138e-01
1.474999999999999645e+00 7.500000000000938138e-01
1.449999999999999734e+00 7.500000000000938138e-01
1.424999999999999822e+00 7.500000000000938138e-01
1.399999999999999911e+00 7.500000000000938138e-01
1.375000000000000000e+00 7.500000000000938138e-01
1.349999999999999645e+00 7.500000000000938138e-01
1.324999999999999734e+00 7.500000000000938138e-01
1.299999999999999822e+00 7.500000000000938138e-01
1.274999999999999911e+00 7.500000000000938138e-01
1.250000000000000000e+00 7.500000000000938138e-01
1.224999999999999645e+00 7.500000000000938138e-01
1.199999999999999734e+00 7.500000000000938138e-01
1.174999999999999822e+00 7.500000000000938138e-01
1.149999999999999911e+00 7.500000000000938138e-01
1.125000000000000000e+00 7.500000000000938138e-01
1.099999999999999645e+00 7.500000000000938138e-01
1.074999999999999734e+00 7.500000000000938138e-01
1.049999999999999822e+00 7.500000000000938138e-01
1.024999999999999911e+00 7.500000000000938138e-01
1.000000000000000000e+00 7.500000000000938138e-01
9.749999999999996447e-01 7.500000000000938138e-01
9.500000000000001776e-01 7.500000000000938138e-01
9.249999999999998224e-01 7.500000000000938138e-01
8.999999999999994671e-01 7.500000000000938138e-01
8.750000000000000000e-01 7.500000000000938138e-01
8.499999999999996447e-01 7.500000000000938138e-01
8.250000000000001776e-01 7.500000000000938138e-01
7.999999999999998224e-01 7.500000000000938138e-01
7.749999999999994671e-01 7.500000000000938138e-01
7.500000000000000000e-01 7.500000000000938138e-01
7.249999999999996447e-01 7.500000000000938138e-01
7.000000000000001776e-01 7.500000000000938138e-01
6.749999999999998224e-01 7.500000000000938138e-01
6.499999999999994671e-01 7.500000000000938138e-01
6.250000000000000000e-01 7.500000000000938138e-01
5.999999999999996447e-01 7.500000000000938138e-01
5.750000000000001776e-01 7.500000000000938138e-01
5.499999999999998224e-01 7.500000000000938138e-01
5.249999999999994671e-01 7.500000000000938138e-01
5.000000000000000000e-01 7.500000000000938138e-01
4.749999999999996447e-01 7.500000000000938138e-01
4.500000000000001776e-01 7.500000000000938138e-01
4.249999999999998224e-01 7.500000000000938138e-01
3.999999999999994671e-01 7.500000000000938138e-01
3.750000000000000000e-01 7.500000000000938138e-01
3.499999999999996447e-01 7.500000000000938138e-01
3.250000000000001776e-01 7.500000000000938138e-01
2.999999999999998224e-01 7.500000000000938138e-01
2.749999999999994671e-01 7.500000000000938138e-01
2.500000000000000000e-01 7.500000000000938138e-01
2.249999999999996447e-01 7.500000000000938138e-01
1.999999999999992895e-01 7.500000000000938138e-01
1.749999999999998224e-01 7.500000000000938138e-01
1.499999999999994671e-01 7.500000000000938138e-01
1.250000000000000000e-01 7.500000000000938138e-01
9.999999999999964473e-02 7.500000000000938138e-01
7.499999999999928946e-02 7.500000000000938138e-01
4.999999999999982236e-02 7.500000000000938138e-01
2.499999999999946709e-02 7.500000000000938138e-01
